德城罪案调查处 主要任务 DBI的任务是调查最疑难最棘手的重案，支持法律
input['input_ids']
[  101[CLS],  2548德,   103[MASK],  5389罪,   103[MASK],  6444调,   103[MASK],  1905处,  8381 63(随机替换),   103[MASK],
818任, 14275##务,   103[MASK],   103[MASK],  4638的,   818任, 14275##务,  3221是,  6444调, 16446##查,
3297最,  4542疑, 20467##难,  3297最,  3475棘, 15854##手,  4638的,   103[MASK], 16485##案,  8024，,
3118支, 15955持,   103[MASK], 15583律,   102[SEP],     0,     0,     0,     0,     0,
0,     0,     0,     0,     0,     0,     0,     0,     0,     0,
0,     0,     0,     0,     0,     0,     0,     0,     0,     0,
0,     0,     0,     0,     0,     0,     0,     0,     0,     0,
0,     0,     0,     0,     0,     0,     0,     0,     0,     0,
0,     0,     0,     0,     0,     0,     0,     0,     0,     0,
0,     0,     0,     0,     0,     0,     0,     0,     0,     0,
0,     0,     0,     0,     0,     0,     0,     0,     0,     0,
0,     0,     0,     0,     0,     0,     0,     0,     0,     0,
0,     0,     0,     0]
labels
[ -100,  -100, 14871##城,  -100, 16485案,  -100, 16446查,  -100,   712主, 19263##要,
-100,  -100,  9767 db,  8169##i,  -100,  -100,  -100,  -100,  -100,  -100,
-100,  -100,  -100,  -100,  -100,  -100,  -100,  7028重,  -100,  -100,
-100,  -100,  3791法,  -100,  -100,  -100,  -100,  -100,  -100,  -100,
-100,  -100,  -100,  -100,  -100,  -100,  -100,  -100,  -100,  -100,
-100,  -100,  -100,  -100,  -100,  -100,  -100,  -100,  -100,  -100,
-100,  -100,  -100,  -100,  -100,  -100,  -100,  -100,  -100,  -100,
-100,  -100,  -100,  -100,  -100,  -100,  -100,  -100,  -100,  -100,
-100,  -100,  -100,  -100,  -100,  -100,  -100,  -100,  -100,  -100,
-100,  -100,  -100,  -100,  -100,  -100,  -100,  -100,  -100,  -100,
-100,  -100,  -100,  -100,  -100,  -100,  -100,  -100,  -100,  -100,
-100,  -100,  -100,  -100,  -100,  -100,  -100,  -100,  -100,  -100,
-100,  -100,  -100,  -100]